      3.97110286     -1.60035819     -1.87448186     -0.65469048     -0.35699685      1.63657211     -4.11303100      0.74041227     -3.60936487      0.69722384     -4.23981404     -3.46353702     -6.09534228     -8.16579240      4.57307824
     -1.60035819      1.37017195     -2.27411936     -1.45923037     -1.48092621      1.71909620     -1.34740937     -2.38147478     -4.05914787      1.94784976     -7.17641981     -6.03513544     -4.26457108     -9.70855276      5.58137212
     -1.87448186     -2.27411936      1.62195221      2.70747835      0.46284625      1.22305205     -3.50201923     -0.49934670     -5.47292016      1.91106248     -6.43151094     -6.60837058     -3.53732259     -7.08517820      0.78113092
     -0.65469048     -1.45923037      2.70747835     66.86955044      8.64472504      7.48660661    -10.20696821     -4.26278766    -15.65291721      5.05518294    -16.35632919    -14.95450880    -13.91953133    -28.76124164     13.63666091
     -0.35699685     -1.48092621      0.46284625      8.64472504      0.00000000      0.00000000      0.00000000      0.00000000      0.00000000      0.00000000      0.00000000      0.00000000      0.00000000      0.00000000      0.00000000
      1.63657211      1.71909620      1.22305205      7.48660661      0.00000000      0.00000000      0.00000000      0.00000000      0.00000000      0.00000000      0.00000000      0.00000000      0.00000000      0.00000000      0.00000000
     -4.11303100     -1.34740937     -3.50201923    -10.20696821      0.00000000      0.00000000      0.00000000      0.00000000      0.00000000      0.00000000      0.00000000      0.00000000      0.00000000      0.00000000      0.00000000
      0.74041227     -2.38147478     -0.49934670     -4.26278766      0.00000000      0.00000000      0.00000000      0.00000000      0.00000000      0.00000000      0.00000000      0.00000000      0.00000000      0.00000000      0.00000000
     -3.60936487     -4.05914787     -5.47292016    -15.65291721      0.00000000      0.00000000      0.00000000      0.00000000      0.00000000      0.00000000      0.00000000      0.00000000      0.00000000      0.00000000      0.00000000
      0.69722384      1.94784976      1.91106248      5.05518294      0.00000000      0.00000000      0.00000000      0.00000000      0.00000000      0.00000000      0.00000000      0.00000000      0.00000000      0.00000000      0.00000000
     -4.23981404     -7.17641981     -6.43151094    -16.35632919      0.00000000      0.00000000      0.00000000      0.00000000      0.00000000      0.00000000      0.00000000      0.00000000      0.00000000      0.00000000      0.00000000
     -3.46353702     -6.03513544     -6.60837058    -14.95450880      0.00000000      0.00000000      0.00000000      0.00000000      0.00000000      0.00000000      0.00000000      0.00000000      0.00000000      0.00000000      0.00000000
     -6.09534228     -4.26457108     -3.53732259    -13.91953133      0.00000000      0.00000000      0.00000000      0.00000000      0.00000000      0.00000000      0.00000000      0.00000000      0.00000000      0.00000000      0.00000000
     -8.16579240     -9.70855276     -7.08517820    -28.76124164      0.00000000      0.00000000      0.00000000      0.00000000      0.00000000      0.00000000      0.00000000      0.00000000      0.00000000      0.00000000      0.00000000
      4.57307824      5.58137212      0.78113092     13.63666091      0.00000000      0.00000000      0.00000000      0.00000000      0.00000000      0.00000000      0.00000000      0.00000000      0.00000000      0.00000000      0.00000000
